"105mm M1 data comparable to PRODAS file"
0.002507385 .107467 .105004 1.4 .056127 2.794 1
14.97 0 0 .1e6
10
6.39 0
43.47 .00363
43.47 .01452
29.21 .01852
20.66 .02723
12.1 .0726
7.82 .1815
6.39 .5445
4.97 1.089
4.97 36.3
1e20 2
30000 0
800000 .2
11.35 .0001143 460.28 293. 1. 7861.2
498180 .001084 3400 .0125 1.2
2
911700 2417 .0011045 .9711 1569.5 1.26 7 .00889 .000254 .0032512
911700 2417 .0011045 .2767 1569.5 1.26 1 .00889 .000254 .0009398
1
.75 .001886646 .1
1
.75 .0012371 .1
.00005 .00005 0.1