"m203 charge m30al propellant 19 perf hex 155 sys 198 cannon"
.018645 .15748 .15494 1.66 .05 5.207 1
43.545 0 0.0 .1e6
7
1.7237 0.
23.097 .01016
34.129 .0254
24.993 .03937
22.408 .05207
17.237 .1143
10.342 5.08
1.e20 2
30000. 0.
800000 .2
11.35 .0000975 460.28 293. 1. 7861.2
286950. .0010838 2000. .0069853 1.25
3
286950. 2000. .0010838 .13499 1660.8 1.25 0 .0050292 0. .0024892
1065300. 3040. .0010296 11.861 1583.3 1.243 15 .024082 .0008585 .015
538030. 1553. .0010838 .22680 941.12 1.25 1 .7112 .03175 .0381
1
0. 1.27 345.
1
.701 .0033481 345.
1
0. .762 345.
.0005 .0005 .03